           1           1   1.00000000    
           2           2   2.00000000    
           2           3   1.00000000    
           3           4   3.50000000    
           3           5   1.00000000    
           3           6   1.00000000    
           4           7   4.32238817    
           5           8  0.503759384    
           5           9   4.50375938    
           5          10  0.842105269    
           6          11  0.747913182    
           6          12   4.47412348    
           7          13   1.00000000    
           7          14   1.00000000    
           7          15  0.750000000    
           7          16   4.75000000    
           8          17   1.00000000    
           8          18   1.00000000    
           8          19   4.00000000    
           9          20   1.00000000    
          10          21   1.00000000    
